0.665625 0.708333333333 0.451100357428 0.982374678497 
0.571875 0.733333333333 0.452203573474 0.99997517773 
0.5875 0.695833333333 0.447055174771 0.99997517773 
0.653125 0.679166666667 0.444848742679 0.986114509393 
0.7125 0.608333333333 0.435287422637 0.956195571592 
0.7625 0.5875 0.431609978662 0.937496271794 
0.771875 0.475 0.413958350461 0.940301144967 
0.734375 0.408333333333 0.402926132847 0.963675233384 
0.690625 0.3875 0.401087382281 0.992659213462 
0.6125 0.433333333333 0.405132564938 0.99997517773 
0.609375 0.441666666667 0.406603519666 0.99997517773 
0.60625 0.475 0.412855134415 0.99997517773 
0.59375 0.529166666667 0.420945499729 0.99997517773 
0.65625 0.5375 0.422048715775 0.996399189674 
0.70625 0.508333333333 0.419106749164 0.967415209596 
0.775 0.491666666667 0.417635794436 0.934691253307 
0.815625 0.4625 0.413222873097 0.920666887445 
0.85625 0.375 0.396674460942 0.904772315505 
0.871875 0.1875 0.37497770724 0.902902400057 
0.746875 0.216666666667 0.377551878014 0.96835016732 
0.678125 0.254166666667 0.381597060671 0.992659213462 
0.590625 0.295833333333 0.384538970126 0.99997517773 
0.58125 0.304166666667 0.387113198056 0.99997517773 
0.590625 0.416666666667 0.400351904917 0.99997517773 
0.640625 0.433333333333 0.405868042302 0.99997517773 
0.665625 0.466666666667 0.413222873097 0.995464086634 
0.665625 0.504166666667 0.41653257839 0.979569660009 
0.7125 0.5 0.416900317072 0.970220082768 
0.746875 0.5 0.41653257839 0.950585825247 
0.778125 0.508333333333 0.418739010482 0.93656131407 
0.7875 0.508333333333 0.418739010482 0.935626211031 
0.83125 0.508333333333 0.418739010482 0.911317164889 
0.828125 0.533333333333 0.425726102595 0.914122038061 
0.78125 0.579166666667 0.430506762616 0.933756295583 
0.734375 0.625 0.437126116047 0.953390698419 
0.659375 0.495833333333 0.416900317072 0.983309636221 
0.571875 0.554166666667 0.425358363913 0.99997517773 
0.684375 0.725 0.456984233495 0.978634702285 
0.7375 0.766666666667 0.46250037088 0.946845849035 
0.74375 0.7375 0.455880960294 0.93095142241 
0.79375 0.708333333333 0.45146809611 0.916926911234 
0.796875 0.645833333333 0.439700343976 0.917861868958 
0.76875 0.591666666667 0.433816467909 0.932821337859 
0.73125 0.5625 0.427932591842 0.963675233384 
0.65 0.5625 0.426093841277 0.99997517773 
0.603125 0.541666666667 0.421313238411 0.99997517773 
0.6 0.479166666667 0.410280963641 0.99997517773 
0.65 0.245833333333 0.381597060671 0.99997517773 
0.578125 0.708333333333 0.447422913453 0.99997517773 
0.609375 0.704166666667 0.447790652135 0.99997517773 
0.684375 0.666666666667 0.443745469478 0.971155040492 
0.715625 0.645833333333 0.44043582134 0.95806548704 
0.7375 0.6125 0.436022900001 0.947780806759 
0.753125 0.566666666667 0.428300330524 0.944975933587 
0.746875 0.5 0.417268055754 0.949650722208 
0.709375 0.491666666667 0.41653257839 0.967415209596 
0.703125 0.45 0.40991322496 0.973024955941 
0.76875 0.470833333333 0.414326089143 0.937496271794 
0.7625 0.683333333333 0.446319697407 0.93095142241 
0.80625 0.7 0.450732618746 0.910382207165 
